0
0.801724
0.801724
0.761194
0.755725
0.762963
0.758621
0.793103
0.793103
0.810345
0.801724
0.801724
0.742424
0.793103
0.793103
0.767241
0.801724
0.62931
0.801724
0.75
0.736434
0.75
0.801724
0.724138
0.758621
0.793103
0.75
0.715517
0.758621
0.801724
0.772059
0.801724
0.727273
0.75
0.724138
0.810345
0.775862
0.775862
0.801724
0.775862
0.735043
0.768657
0.741379
0.801724
0.732759
0.741379
0.784483
0.731092
0.715517
0.801724
0.767241
0.757143
0.741379
0.801724
0.725191
0.793103
0.689655
0.801724
0.731092
0.758621
0.715517
0.75
0.801724
0.724138
0.732824
0.75
