0.768657
0.828358
0.828358
0
0.179104
0.111111
0.798507
0.791045
0.820896
0.783582
0.820896
0.820896
0.723881
0.820896
0.80597
0.776119
0.820896
0.798507
0.828358
0.635714
0.731343
0.619403
0.820896
0.80597
0.761194
0.80597
0.742647
0.791045
0.753731
0.820896
0.205882
0.828358
0.634328
0.746269
0.80597
0.843284
0.783582
0.761194
0.828358
0.791045
0.753731
0.11194
0.761194
0.783582
0.813433
0.783582
0.80597
0.776119
0.80597
0.798507
0.783582
0.585714
0.768657
0.820896
0.753731
0.80597
0.783582
0.791045
0.776119
0.761194
0.776119
0.731343
0.820896
0.783582
0.746269
0.567164
